1.0 0.461817302178 0.737980488349 0.601130002662 0.844223330916 0.669193811073 0.761461120702 0.812289791067 0.644846510952 0.784955800669 0.706699121058 0.877511635562 0.54587978511 0.275919340694 0.693352605414 0.847017338201 0.555992072178 0.573708961979 0.470295037399 0.495999422024 0.661666451076 0.669891801001 0.525846922606 0.660277690565 0.544622143149 0.750975498439 0.490851897328 0.747875054245 0.618015356356 0.46895629454 0.62856556317 0.631017699542 0.82873658984 0.526740853092 0.536064634498 0.803974222386 0.743548485838 0.645992025856 0.749867623826 0.787091521591 0.716330643852 0.7132237841 0.797461793975 0.529066981394 0.743293856674 0.649159930309 0.643284647109 0.426481909106 0.732060483495 0.818154249249 0.541940291498 0.679085467949 0.655297789001 0.393188851028 0.573454281985 0.70312009137 0.837612588514 0.691295670845 0.733655708292 0.353942089947 0.792273665339 0.754279826527 0.619910215907 0.729037598271 0.631631453359 0.685895395807 0.514545447907 0.722228835457 0.354246550677 0.781907843776 0.630174923064 0.636845459845 0.617250355067 0.666975261306 0.71666304354 0.816875204066 0.823658436049 0.584908162625 0.707802243036 0.804108135109 0.654571908512 0.804608943755 0.816985948457 0.70427590704 0.609663137493 0.520282340064 0.64512118986 0.423246860844 0.763484220517 0.451972326525 0.559633582131 0.618073680137 0.757771446186 0.70615571613 0.617633355735 0.799743335727 0.761640946213 0.779047589088 0.843678294573 0.743083072878
0.461817302178 1.0 0.414850337138 0.500954536495 0.375551300156 0.552176511032 0.364595202431 0.555543089607 0.432666718402 0.475410497169 0.436167206627 0.407140679657 0.329493542889 0.327638267055 0.499292500746 0.432089699946 0.641310896513 0.567220732404 0.418424099929 0.560406339182 0.600660741592 0.508088117231 0.375615209312 0.339129288732 0.320463878384 0.379388296918 0.396962690167 0.362449761779 0.431921208354 0.5422261262 0.42144449193 0.446247371834 0.407873537589 0.377125998897 0.399407816335 0.487299115931 0.3742296831 0.375758565377 0.368112829274 0.497332490798 0.407313778194 0.408038561305 0.603073147438 0.373988813647 0.249824699608 0.636174363719 0.484357107882 0.376892240119 0.323872604929 0.471278674106 0.326841579912 0.262995990233 0.509207174485 0.416978266499 0.535047646661 0.470417392987 0.556899858556 0.44029267519 0.356744041249 0.367942269713 0.309180906072 0.390839247889 0.445219391161 0.64253376041 0.431253816255 0.526505827612 0.432963538201 0.428329857512 0.420369913693 0.273993829074 0.46474521001 0.551177207927 0.566202705142 0.46702036665 0.412627165398 0.406226297778 0.410869895348 0.386573863582 0.483483027919 0.391052949203 0.435643759378 0.375423467198 0.277523487559 0.344835892947 0.458339280939 0.33820329722 0.460994786975 0.540348341431 0.437365185055 0.436914852444 0.352020456939 0.519321348651 0.469737624052 0.388810936584 0.441599714535 0.382968332167 0.464174016591 0.430186750007 0.384946676588 0.339039295621
0.737980488349 0.414850337138 1.0 0.619045341908 0.579298557852 0.565234752637 0.601450077664 0.587874813907 0.687604638672 0.759471508778 0.649536036601 0.699541742821 0.542226405255 0.502620199364 0.532905682457 0.775996939052 0.561939723784 0.494966249514 0.644610348909 0.579938721665 0.605014828859 0.576683466395 0.634839064531 0.433915725028 0.612842894532 0.562316729729 0.559214522333 0.648712933228 0.62300565534 0.483883389866 0.586309526805 0.688724231332 0.590514771777 0.574285565625 0.530058022966 0.663787834347 0.684474947081 0.632621546813 0.577080873663 0.651295880153 0.677329952656 0.693086330877 0.606558609615 0.655663102353 0.414792826119 0.559729394725 0.690324535747 0.620052525669 0.622626634346 0.761599536247 0.585045481939 0.443181600543 0.491610768033 0.553054819181 0.558468884602 0.68694971622 0.544593547937 0.705002994145 0.626814960255 0.461271444258 0.635951955471 0.686092090395 0.58494677901 0.531439627247 0.570779676482 0.615878774077 0.579104233305 0.590105424355 0.488309813046 0.51014001475 0.557194835314 0.526346286633 0.599785306807 0.536671541354 0.609847391349 0.619609085179 0.764487589005 0.682407009922 0.681945693219 0.731901161664 0.621844138299 0.777587603021 0.576320945862 0.545414307991 0.630805445629 0.675167225554 0.624714849178 0.421210972073 0.653312174133 0.549965306067 0.581106985787 0.458369666009 0.561827168662 0.70186839345 0.646234121585 0.765218844378 0.592240810489 0.57959965087 0.761783239797 0.577460010849
0.601130002662 0.500954536495 0.619045341908 1.0 0.495787069337 0.697884600705 0.603365332375 0.635965308651 0.602701803191 0.708957455377 0.786051022061 0.577658373297 0.508653954974 0.49136760842 0.676263290825 0.597207765497 0.65195705854 0.630986077772 0.568383915748 0.631319224098 0.617463795191 0.688039982792 0.624198740642 0.590902349588 0.532994712731 0.542180704383 0.637026433747 0.547336805358 0.565112306597 0.603460741194 0.648402944405 0.707334905301 0.520446909699 0.5651914725 0.669788331515 0.639023281237 0.620727497538 0.62936800599 0.526710627269 0.687193554572 0.652803337438 0.577868351271 0.64887268608 0.567760640719 0.470277272216 0.659572170365 0.744916202807 0.640205978421 0.532986016498 0.733419121555 0.554166527588 0.423461511496 0.6859044925 0.549011033744 0.596811876236 0.620137155937 0.616808641966 0.710463197835 0.568954935602 0.388776136311 0.52814130704 0.595884072479 0.674898058545 0.662612035938 0.567726551675 0.683431136083 0.553466818469 0.577374645934 0.478141905829 0.50541895333 0.663780987768 0.614311753223 0.633763588094 0.610172379269 0.502644623945 0.540764746886 0.665972114516 0.598936493959 0.645961598766 0.65080668119 0.563822116877 0.650081905567 0.530081114517 0.520748551428 0.614794413264 0.567156877616 0.498943351623 0.515050161664 0.588270186827 0.546117243893 0.644341353846 0.547976013061 0.6491816528 0.646124611081 0.620424291828 0.645330156161 0.569059871937 0.651171189182 0.657719798814 0.549155893341
0.844223330916 0.375551300156 0.579298557852 0.495787069337 1.0 0.617488926355 0.778363325915 0.765404917758 0.550453860884 0.685511713465 0.692719586367 0.893216825566 0.483089160007 0.234431870488 0.653067846439 0.813053261017 0.385002735183 0.494604892219 0.419758518425 0.384552201939 0.535532754826 0.637828734155 0.491323608968 0.595389709285 0.50467903155 0.793231542416 0.395844676076 0.753789661342 0.608670986254 0.398203224165 0.54409949167 0.598119338012 0.85207124899 0.514587587487 0.481302680724 0.730931277423 0.653142234487 0.646392292801 0.787868842641 0.738753657559 0.748381681234 0.639843073583 0.677213089448 0.464582335224 0.830379273213 0.52827212683 0.585878236481 0.344096935856 0.760614471457 0.756698048468 0.500116286185 0.759113487715 0.608196573918 0.353022227301 0.454914718372 0.662289821234 0.8073449333 0.680543410023 0.737146459574 0.277426564243 0.840138449856 0.723585405614 0.522740006367 0.609869674226 0.619233994862 0.553660095968 0.417235138122 0.652266593566 0.23947793765 0.890870013227 0.554066639678 0.555072001329 0.576921959447 0.596990002726 0.704445797909 0.777292326074 0.734365164264 0.489929357424 0.630282498197 0.788831760944 0.594430187752 0.764391283503 0.842633069869 0.701825105228 0.528863629287 0.440526813967 0.65344002051 0.333407732025 0.676096971017 0.355429331962 0.547961685346 0.591577411318 0.727697180543 0.7313065199 0.521773427164 0.80801798763 0.752322536292 0.712421790617 0.688946631168 0.782267591726
0.669193811073 0.552176511032 0.565234752637 0.697884600705 0.617488926355 1.0 0.625820166205 0.704579618001 0.54640451881 0.716589069247 0.686679638727 0.660137622647 0.545600487754 0.31557132826 0.818796297529 0.622956410695 0.658795616948 0.706953733972 0.463622518749 0.572735480646 0.646692824146 0.687019670589 0.497463390805 0.544749441868 0.482220612767 0.579318206653 0.51638000658 0.550375581934 0.608091453968 0.577273749264 0.649088639743 0.613514446628 0.557018087132 0.51313000734 0.648597326492 0.800371258707 0.65039564596 0.599349628981 0.645821361555 0.690021111079 0.652563662677 0.529971977331 0.739653445619 0.471385987184 0.562798040091 0.65977191679 0.681734673376 0.455967627543 0.511414853084 0.726912092517 0.495105270223 0.563154639072 0.757067800415 0.360727635159 0.60651173659 0.591398553824 0.699126967409 0.606890222147 0.583249727286 0.38889837671 0.546855562621 0.595131730335 0.61010352663 0.751958602792 0.557105815764 0.632019217512 0.489883437178 0.598126234379 0.39142558744 0.605084843653 0.579667164585 0.604818918501 0.610678218107 0.639083233019 0.525973617579 0.596765338759 0.680233846479 0.511377641473 0.611572310163 0.675634784065 0.59342828477 0.636592740035 0.595603454379 0.607369770842 0.589845567112 0.506228384864 0.485843317126 0.522097870091 0.658832082049 0.477017828251 0.546979144012 0.596510116509 0.724980442579 0.590983074117 0.502153625762 0.625846752986 0.605381088569 0.758113280665 0.693022326936 0.643492673688
0.761461120702 0.364595202431 0.601450077664 0.603365332375 0.778363325915 0.625820166205 1.0 0.718474308418 0.626225215412 0.712782208887 0.71390223585 0.76796013435 0.53802511991 0.371740359802 0.678201412987 0.731704134482 0.50107904459 0.564262977131 0.541313899894 0.43784347994 0.560119368008 0.604157079322 0.624785637341 0.587449643158 0.612846917314 0.707753342518 0.495888142673 0.680761729212 0.651373399517 0.485737408694 0.612762111921 0.665809658029 0.728393684934 0.611990274884 0.546528258584 0.710396567135 0.689867740348 0.670257067795 0.739387034518 0.736390023056 0.788548948998 0.648681832777 0.658474095102 0.587477173151 0.739202010742 0.552747244214 0.640152862829 0.499282527254 0.706885019208 0.74060381072 0.605802275125 0.669381135857 0.649274571567 0.478292482371 0.487756649776 0.660812459922 0.686702499051 0.721336045716 0.676233513947 0.373721392605 0.721903604034 0.766892675 0.581930382681 0.590911068066 0.620270197868 0.589197124961 0.488788323965 0.653519705335 0.479219395986 0.785331727578 0.596177220674 0.527042994405 0.604122744782 0.568327169483 0.702962400863 0.673320844952 0.749170674485 0.562769151181 0.684560103566 0.746002097222 0.649984883984 0.795445321391 0.784083488607 0.704309628362 0.596861778944 0.58030485629 0.575198401639 0.390815109119 0.690827478177 0.516153317652 0.621725615291 0.540937809135 0.712002917199 0.698043015072 0.571124170227 0.756120184259 0.697272286471 0.671599541601 0.697910507649 0.736300577899
0.812289791067 0.555543089607 0.587874813907 0.635965308651 0.765404917758 0.704579618001 0.718474308418 1.0 0.634776120178 0.753401961464 0.708658726453 0.764344159123 0.47271506497 0.278776830177 0.693855159323 0.71480837914 0.638563489721 0.67974421927 0.463978643903 0.588297064348 0.764292137254 0.729105034633 0.517837767042 0.711572724351 0.497759044427 0.705571481655 0.614862793311 0.666811292906 0.629182626377 0.560927682678 0.693346491021 0.626899358716 0.715708947085 0.532857517005 0.573391324866 0.742646317418 0.666100956863 0.667829888426 0.734648230669 0.808134296808 0.701977080037 0.608670920611 0.805271801455 0.50211248155 0.643411717612 0.756621793545 0.640812367395 0.459369762183 0.610869159939 0.810006407998 0.527985152431 0.645310385358 0.681985920971 0.422998470276 0.541106454107 0.672882765163 0.802866813196 0.644991634824 0.618958471328 0.283365991489 0.683361498922 0.661522865462 0.682596972983 0.763961345132 0.691449924864 0.72035219463 0.635810885398 0.697569420469 0.355204684304 0.71247793847 0.652694162571 0.644811563371 0.737029074919 0.741303545945 0.645702803354 0.75169207113 0.757839042552 0.583825586478 0.705068621233 0.721577916391 0.699900543584 0.691482078375 0.692486806392 0.652924411857 0.617991768202 0.447074866452 0.61409292646 0.516463096805 0.702881821125 0.52735802689 0.630917283815 0.739193507645 0.78324733444 0.643083218009 0.520490410226 0.670481739676 0.764845535369 0.711162074218 0.712696309786 0.713247152444
0.644846510952 0.432666718402 0.687604638672 0.602701803191 0.550453860884 0.54640451881 0.626225215412 0.634776120178 1.0 0.747842788672 0.670008422139 0.602932566622 0.522743242861 0.55570136984 0.536309265189 0.655798246533 0.63256615435 0.551946701152 0.683057426824 0.648601359887 0.726239110571 0.571946280662 0.658914797445 0.461108358264 0.581999851299 0.610650638962 0.650635285052 0.588736728705 0.678084301904 0.542132768793 0.701512302018 0.666221113609 0.568669323441 0.59809562924 0.656744100955 0.565206687407 0.676651425613 0.668046076393 0.582710484791 0.729958677781 0.617977998234 0.650302052418 0.663392101052 0.625901091975 0.381235162502 0.665152278035 0.686009634767 0.593833730083 0.622811509832 0.732312249758 0.654690096174 0.384535546632 0.522083962715 0.573312888541 0.564192040721 0.686125956621 0.508118847077 0.637801144488 0.577418050351 0.417742599539 0.582050860022 0.597164866659 0.661777550861 0.570610383855 0.670781792846 0.737036370757 0.659674311059 0.585616651809 0.489699504535 0.482420629346 0.61584656816 0.585334188305 0.676625541283 0.619272132523 0.61289161856 0.681807389718 0.653008624903 0.696142403066 0.727129938037 0.695678981443 0.70759337042 0.717219835948 0.504561667791 0.597321713678 0.624587683089 0.643423181077 0.697513479685 0.500973972488 0.618889770124 0.589015770622 0.564401284922 0.592586568252 0.602417797154 0.699769067919 0.590791429951 0.66326969299 0.681154882326 0.603259573751 0.630675095339 0.560772322393
0.784955800669 0.475410497169 0.759471508778 0.708957455377 0.685511713465 0.716589069247 0.712782208887 0.753401961464 0.747842788672 1.0 0.776591674676 0.751834205387 0.614104266009 0.475562146471 0.728035567946 0.757818436547 0.665148222834 0.642915797737 0.653610534352 0.662177056133 0.791058134023 0.713666892171 0.707819626256 0.655218500471 0.64008864575 0.646768487719 0.676296792008 0.708937109426 0.67281637791 0.587466967461 0.729664497627 0.769961279221 0.651058203624 0.654984641636 0.628510922287 0.76920482803 0.712014413319 0.7593914685 0.750295873673 0.835826998421 0.786013706345 0.706217559984 0.775821023578 0.662327029219 0.559297264088 0.668244462094 0.779011474614 0.650243522503 0.658717656077 0.848871135727 0.63303054796 0.54431718178 0.663679302781 0.578608163826 0.625436009764 0.783531206143 0.651050480841 0.773460050372 0.664459492376 0.439206954459 0.684965829278 0.762492992629 0.75347848864 0.690600783886 0.72827929114 0.726895741641 0.665819941517 0.686875725948 0.471822214414 0.670594808679 0.680866658054 0.627132037479 0.736552249502 0.75952189692 0.658370884997 0.701242890225 0.832888522703 0.720560443348 0.814173936619 0.838589406169 0.731000988275 0.809767137258 0.696410610733 0.687428414805 0.696081719481 0.690546902029 0.62097689654 0.546921114706 0.73288506468 0.625312095884 0.660077171638 0.609059720861 0.736366137357 0.757180733952 0.633166731154 0.766785233788 0.668907939846 0.748613378836 0.809289294529 0.71119073962
0.706699121058 0.436167206627 0.649536036601 0.786051022061 0.692719586367 0.686679638727 0.71390223585 0.708658726453 0.670008422139 0.776591674676 1.0 0.741477466746 0.581690389537 0.531249044661 0.676033408871 0.694124204539 0.568886063764 0.601317011649 0.657466082472 0.603332607441 0.625786362552 0.754876901618 0.716752488014 0.68816767516 0.664316474175 0.66383869783 0.630472208574 0.714126732997 0.668926067394 0.598816268026 0.711660564038 0.836530944223 0.656805595161 0.708904363828 0.652903612671 0.686117590467 0.645806810863 0.760225856651 0.702654575796 0.823786529927 0.800602661049 0.629103446501 0.6754060739 0.694720500149 0.639308081236 0.655525516335 0.781236788557 0.690933498397 0.678492127192 0.826853609223 0.670750559188 0.605369069964 0.667278600221 0.596220172534 0.540634611344 0.717373698122 0.666927005514 0.831048847344 0.685328912826 0.425755024538 0.653145955056 0.790182098892 0.709464397991 0.614935453921 0.631482844314 0.707504281449 0.571385436105 0.637443140907 0.474065709008 0.720164317467 0.709094979837 0.595583630379 0.715408866066 0.648425000069 0.631144730042 0.662412429072 0.755813188157 0.620228182645 0.695936017336 0.785448670067 0.668502921531 0.815784256734 0.729952267285 0.671998342338 0.683162833342 0.675451259038 0.596348677658 0.514261828376 0.672588894212 0.556603284174 0.691066574158 0.545081921988 0.761019387229 0.812707819656 0.575750543156 0.756573375937 0.672003964781 0.691636857673 0.699977308524 0.690045104993
0.877511635562 0.407140679657 0.699541742821 0.577658373297 0.893216825566 0.660137622647 0.76796013435 0.764344159123 0.602932566622 0.751834205387 0.741477466746 1.0 0.491267762204 0.329883774919 0.647677284874 0.900689534969 0.452494418451 0.543482244552 0.509874010943 0.464857227522 0.598133957397 0.643483961385 0.582501410191 0.621966011345 0.600808244358 0.746030491808 0.444483272638 0.784095450068 0.636802577952 0.460440924038 0.589908023662 0.672441624014 0.806827737945 0.559560787425 0.508413100614 0.754146269529 0.681777438847 0.699234416716 0.822416818106 0.759927402164 0.781745820468 0.692901410227 0.708235841657 0.55242836816 0.774826421806 0.586651812806 0.681279728862 0.418709139412 0.779955780332 0.818670674579 0.543453769459 0.762203494248 0.649235626613 0.419833452193 0.504677273704 0.725930674573 0.794686392406 0.771089164309 0.778178901545 0.323969982344 0.811065141727 0.779985594413 0.603853773179 0.610875884642 0.649598394482 0.607541698094 0.475449577614 0.719166587834 0.321822356468 0.845377285582 0.572483459223 0.58708254096 0.613308749757 0.609659516348 0.718245165392 0.739532060594 0.811299094489 0.565247691524 0.688183692894 0.818029199465 0.657093139568 0.840533335235 0.823538498118 0.701313626142 0.602732718245 0.527445047434 0.656740451572 0.389398228195 0.708156559212 0.434316126512 0.572547602529 0.563759107454 0.727702335381 0.781150466424 0.639642168925 0.84773566654 0.74466594781 0.743606217859 0.7349182869 0.78359737351
0.54587978511 0.329493542889 0.542226405255 0.508653954974 0.483089160007 0.545600487754 0.53802511991 0.47271506497 0.522743242861 0.614104266009 0.581690389537 0.491267762204 1.0 0.459958736016 0.503880468498 0.504813002724 0.443150109534 0.374509333526 0.517258349289 0.38354046028 0.466941759 0.49586024444 0.492152066395 0.346551069756 0.572205447906 0.516074082403 0.460188172773 0.480137743126 0.571524085223 0.401159955721 0.486537220287 0.585306335671 0.500683750199 0.619785828975 0.527242558366 0.570104667464 0.637281602783 0.431466044094 0.390941931422 0.517022248504 0.649296164206 0.490702857461 0.461035757151 0.616364366801 0.426632301901 0.399616138938 0.458897444342 0.56201048686 0.513378386465 0.555531183418 0.502366023435 0.488446735166 0.485263793976 0.496647843341 0.426318884189 0.479907460955 0.431957381201 0.613570935261 0.505711557309 0.748401715025 0.45526235675 0.669973455605 0.42629567863 0.481361708416 0.408623519423 0.42961130518 0.384112573348 0.378905130733 0.492206890464 0.44901171457 0.520815867976 0.36597329485 0.459365825813 0.416401266469 0.476325118117 0.519793865072 0.578496711225 0.437322198096 0.523862214374 0.496773307417 0.416897803243 0.627763343421 0.56231584897 0.50937627797 0.522564735456 0.665884367235 0.455306736634 0.412073356945 0.695520298813 0.568804664321 0.543586947077 0.457297096077 0.486860888539 0.556689908094 0.431597334463 0.591464239097 0.409128277869 0.490239137111 0.5840352449 0.545755909654
0.275919340694 0.327638267055 0.502620199364 0.49136760842 0.234431870488 0.31557132826 0.371740359802 0.278776830177 0.55570136984 0.475562146471 0.531249044661 0.329883774919 0.459958736016 1.0 0.223054834191 0.397263860834 0.424591353735 0.282499384611 0.663091532476 0.469817401055 0.430922473013 0.363608968789 0.657083501414 0.210685456053 0.55466850769 0.307042903707 0.448826185301 0.408987730902 0.485012010228 0.473518145189 0.417727343586 0.618977389846 0.253753710176 0.647217205646 0.394868823336 0.260558805711 0.357758683381 0.517609042448 0.273414443352 0.404210242877 0.564277344496 0.414346658495 0.285309538 0.630147347938 0.11393682791 0.405812219953 0.474784986432 0.664047428044 0.40392119798 0.429922055529 0.531353733593 0.152115917126 0.296767072989 0.65534210953 0.355691688119 0.474811487761 0.208369492992 0.605010132281 0.357655009735 0.525947399816 0.297209584109 0.486953790529 0.417309477587 0.247538709357 0.384472149987 0.386824960104 0.48961779853 0.248389085684 0.53351088091 0.176632562245 0.366284669901 0.354185454094 0.464587761541 0.295203975628 0.388878877844 0.301238333752 0.401808667956 0.523110828524 0.502398206391 0.381504004554 0.419076847251 0.509667647566 0.239203881708 0.362069708009 0.505438308731 0.639795751131 0.520636502054 0.39005095857 0.391889484211 0.546559829433 0.560052377199 0.323198796664 0.263709326561 0.52975584916 0.477406869032 0.432024760132 0.365818329428 0.215545541452 0.280021608075 0.336715341669
0.693352605414 0.499292500746 0.532905682457 0.676263290825 0.653067846439 0.818796297529 0.678201412987 0.693855159323 0.536309265189 0.728035567946 0.676033408871 0.647677284874 0.503880468498 0.223054834191 1.0 0.610325513345 0.622223909811 0.710041479535 0.405550641972 0.527423764616 0.636646627 0.651613764901 0.501954627154 0.596453465105 0.500334809509 0.636694628413 0.53200230564 0.534966771236 0.601271389157 0.58034338904 0.629873698325 0.545315261172 0.625602610968 0.455415788659 0.604510891767 0.839662545178 0.674016156763 0.560510569764 0.673971212679 0.704872766594 0.623433529324 0.586145153778 0.751739718624 0.412284920906 0.61763245346 0.630514093227 0.687908627977 0.426764283098 0.541800431365 0.699619190005 0.495549871722 0.591600844493 0.740682977033 0.360704987006 0.593407665122 0.58578942622 0.710288998891 0.587656239021 0.626623578998 0.310291585624 0.587327465399 0.611754858577 0.610681847368 0.747781870162 0.65157781841 0.640706100714 0.471835571391 0.60302322191 0.335730936523 0.660154111999 0.617970540218 0.59892796861 0.556313834288 0.629150916436 0.553168523233 0.628991056266 0.686812750785 0.485475652024 0.631126972223 0.72154277134 0.612530286827 0.6426828589 0.666059669835 0.597776656303 0.530817328272 0.453343183499 0.464790571731 0.527225772862 0.675434011988 0.481804070982 0.503485928797 0.570268809699 0.720544886948 0.609278472292 0.498977643141 0.630804419935 0.612109952108 0.800086220765 0.737097168589 0.641682649495
0.847017338201 0.432089699946 0.775996939052 0.597207765497 0.813053261017 0.622956410695 0.731704134482 0.71480837914 0.655798246533 0.757818436547 0.694124204539 0.900689534969 0.504813002724 0.397263860834 0.610325513345 1.0 0.475923257328 0.500504597349 0.593946264898 0.493866946103 0.614178541245 0.598566845342 0.629364470479 0.569198336541 0.604669058329 0.701607831748 0.480345619711 0.784293083416 0.651112062728 0.463971802597 0.599950455535 0.679838226417 0.746483348516 0.555416655743 0.571482155999 0.721902673185 0.696089477329 0.694005884917 0.760103733064 0.725098030912 0.748608278936 0.73590652978 0.666684497431 0.578858093028 0.678556784652 0.573025101433 0.656873355891 0.469830004333 0.753015275674 0.798215085739 0.557487158803 0.677360742027 0.574637383118 0.473822191765 0.558709050645 0.740854633403 0.73977738301 0.774514259371 0.76843804937 0.363062997346 0.764090100481 0.775567703489 0.631765376337 0.573219486129 0.613988732527 0.631752066672 0.508928749077 0.67937265891 0.372259976491 0.741585296991 0.566417447271 0.605331487079 0.62280984678 0.571332872502 0.695090959204 0.710715782687 0.780266328091 0.642151280891 0.711264557664 0.804015059133 0.666988784277 0.848655476554 0.778009093372 0.693512445968 0.612306035123 0.595092084712 0.665153809638 0.403529153379 0.69227382884 0.481751708874 0.558298329066 0.556372168389 0.662074662687 0.783257648802 0.673869867435 0.852500681844 0.708754258274 0.695158125016 0.741280170925 0.727162831447
0.555992072178 0.641310896513 0.561939723784 0.65195705854 0.385002735183 0.658795616948 0.50107904459 0.638563489721 0.63256615435 0.665148222834 0.568886063764 0.452494418451 0.443150109534 0.424591353735 0.622223909811 0.475923257328 1.0 0.692265271513 0.557665419006 0.699835626319 0.759464284717 0.678649175902 0.523251987964 0.479765636663 0.453501046872 0.450408322281 0.61247283717 0.427753511606 0.541802259799 0.620639542967 0.645541627865 0.569538111449 0.420060159178 0.455930066267 0.559822827502 0.5956586222 0.547754888628 0.515308137905 0.469372449953 0.680737935482 0.506733932253 0.489440729256 0.748755470467 0.479694329677 0.295513526651 0.781860074068 0.65067370379 0.509812274428 0.403267745546 0.664856352598 0.510180835495 0.274914993436 0.582965835785 0.454528551436 0.595846997861 0.594512322016 0.530562312122 0.503959942986 0.438673422872 0.397728022045 0.397788181419 0.459453864138 0.633642172988 0.731304371378 0.5735871463 0.709572810634 0.608500073231 0.474436794698 0.507473923075 0.339726533557 0.625711707028 0.6327841716 0.677270685169 0.645412081532 0.43884393777 0.529757541071 0.575430793451 0.555212683399 0.599384604335 0.559040039393 0.594475640506 0.51669952062 0.353843570234 0.423226387448 0.608975541346 0.473821570252 0.538269641818 0.595352571973 0.560088402442 0.570317471926 0.513117103265 0.569150608126 0.640978309002 0.508120671852 0.524574615875 0.493523414739 0.583260665912 0.585136462986 0.584279072913 0.451088736569
0.573708961979 0.567220732404 0.494966249514 0.630986077772 0.494604892219 0.706953733972 0.564262977131 0.67974421927 0.551946701152 0.642915797737 0.601317011649 0.543482244552 0.374509333526 0.282499384611 0.710041479535 0.500504597349 0.692265271513 1.0 0.445625996986 0.592947009745 0.625986551106 0.669377179778 0.452327432035 0.560908443586 0.404643514758 0.509616752713 0.546671997866 0.440495644679 0.54641254616 0.57247386812 0.60743692482 0.511535739591 0.510262834567 0.421302861337 0.476878199023 0.651251401859 0.514804243484 0.510157820239 0.566811648967 0.657776817589 0.546674421762 0.489659173914 0.659294181916 0.428149765763 0.427792828529 0.68422176786 0.635976277125 0.41197966296 0.463041219381 0.693390515898 0.434187245451 0.41416329425 0.618054575375 0.339704151108 0.581412340294 0.575788842479 0.592633017628 0.529700636541 0.507245877697 0.25284579042 0.463746763432 0.517066222575 0.599592797481 0.684230767872 0.598816324519 0.653194032125 0.557400872789 0.502676933582 0.334383688708 0.490695549641 0.637080109744 0.552331806615 0.639784475638 0.661710767249 0.483345595908 0.496210400335 0.576474924744 0.481330479807 0.576833730203 0.600539527195 0.606386004682 0.56474720979 0.501301375113 0.504784292871 0.524357258918 0.424513438116 0.492243566248 0.539320999706 0.583089703041 0.481650992478 0.437163370918 0.533648422624 0.647112977405 0.506171630758 0.501733106712 0.533380239052 0.561446322042 0.654228604232 0.587041201553 0.488816508105
0.470295037399 0.418424099929 0.644610348909 0.568383915748 0.419758518425 0.463622518749 0.541313899894 0.463978643903 0.683057426824 0.653610534352 0.657466082472 0.509874010943 0.517258349289 0.663091532476 0.405550641972 0.593946264898 0.557665419006 0.445625996986 1.0 0.603285341064 0.597700157862 0.486949431224 0.779692484474 0.38193977326 0.672888954327 0.486140985362 0.602971152416 0.61419739641 0.669023771328 0.502715807067 0.542044786011 0.768630647743 0.40279621507 0.762036080981 0.596644924456 0.446891412325 0.497064789215 0.638939330775 0.482512373348 0.556197546387 0.696060075083 0.572109236197 0.466175697454 0.79647858083 0.273258404987 0.495172009446 0.646677069045 0.778112419515 0.557906395108 0.595149604439 0.632162879285 0.319868107907 0.384268632704 0.753809602986 0.539504463726 0.619789831373 0.352525053142 0.720149422775 0.517209130508 0.531637730472 0.43073147255 0.646003566669 0.580901991106 0.3870152946 0.53844662972 0.559455176799 0.617213956469 0.446196946375 0.623791119621 0.378573705487 0.482545484703 0.523221355617 0.62845797905 0.446600921386 0.522078373628 0.471979695528 0.575849915073 0.662260903193 0.672776808769 0.573775026096 0.626223458609 0.681308352902 0.443194998616 0.544510071136 0.635337526884 0.772520847338 0.619426182782 0.514988581166 0.500497088682 0.609905432584 0.674667233766 0.467471100498 0.4661065112 0.721382259167 0.568800259451 0.630567302651 0.526984405244 0.377171750384 0.4561108584 0.535176096672
0.495999422024 0.560406339182 0.579938721665 0.631319224098 0.384552201939 0.572735480646 0.43784347994 0.588297064348 0.648601359887 0.662177056133 0.603332607441 0.464857227522 0.38354046028 0.469817401055 0.527423764616 0.493866946103 0.699835626319 0.592947009745 0.603285341064 1.0 0.692441725802 0.599066708216 0.596775863961 0.461422714086 0.470587167373 0.455621805437 0.678974399894 0.501472049855 0.556044671821 0.579790588037 0.603822482235 0.609399840395 0.403299802295 0.545943826134 0.583209077304 0.485887470174 0.483364273358 0.525475389817 0.461972998152 0.613316105856 0.522239086119 0.524027270868 0.593636463463 0.573781213355 0.207048676557 0.653368523991 0.686053137722 0.621983636886 0.422694747318 0.622637591349 0.507455666601 0.190116618748 0.54119777289 0.575864842573 0.631833224459 0.594621592012 0.485219421561 0.573754565156 0.44195898509 0.343540211547 0.407819453521 0.462390863033 0.638546946291 0.614711568425 0.615215275416 0.729312193419 0.682497907745 0.562366278585 0.505493485534 0.289779605354 0.54872122509 0.639564793741 0.674311689902 0.648523241213 0.466972907267 0.506104707311 0.558132344365 0.606720081327 0.617961350693 0.561559033957 0.592898526108 0.5141745754 0.302835577413 0.442488999735 0.572806807839 0.516768769343 0.578356915409 0.573064634553 0.457154339673 0.601580142312 0.575454111269 0.561442693059 0.543504209769 0.549121929536 0.54816691103 0.495495426388 0.540973952522 0.493520804649 0.530490963653 0.413750561924
0.661666451076 0.600660741592 0.605014828859 0.617463795191 0.535532754826 0.646692824146 0.560119368008 0.764292137254 0.726239110571 0.791058134023 0.625786362552 0.598133957397 0.466941759 0.430922473013 0.636646627 0.614178541245 0.759464284717 0.625986551106 0.597700157862 0.692441725802 1.0 0.661506367258 0.609496297527 0.559133072453 0.492939497592 0.551084596783 0.6539874473 0.587294074048 0.620123125982 0.622012617085 0.714024263056 0.606621258754 0.516301499373 0.557087027686 0.612004836204 0.643294303923 0.615917259513 0.607514463782 0.618518396787 0.744821199282 0.609144690656 0.609743742029 0.799599423086 0.537249943252 0.393366193587 0.799167478074 0.671122930446 0.53846615888 0.518968478697 0.738536576851 0.570597384307 0.360849759552 0.583314635686 0.522429203352 0.614069286046 0.699947478317 0.601317939949 0.596479748879 0.514674888932 0.376377035733 0.515661660997 0.556362165903 0.722765103807 0.710808131207 0.725050205637 0.734646010889 0.713796133752 0.624687064591 0.440432919321 0.48219792572 0.630536060298 0.649165991696 0.743674706618 0.709865313345 0.548799895428 0.649168138511 0.662722089378 0.680297487475 0.714732594657 0.644582200344 0.735089287739 0.60713088557 0.474435137591 0.56060043834 0.622415164856 0.528916935216 0.627717292637 0.6095811366 0.624982288769 0.666499070148 0.601227742692 0.698381089327 0.637597232269 0.599178273214 0.576880355152 0.576325051807 0.652304332676 0.608186324879 0.64578671379 0.56375867569
0.669891801001 0.508088117231 0.576683466395 0.688039982792 0.637828734155 0.687019670589 0.604157079322 0.729105034633 0.571946280662 0.713666892171 0.754876901618 0.643483961385 0.49586024444 0.363608968789 0.651613764901 0.598566845342 0.678649175902 0.669377179778 0.486949431224 0.599066708216 0.661506367258 1.0 0.529098984447 0.629451477876 0.489472577594 0.606307001563 0.5440637592 0.567928157827 0.558419387137 0.585513665278 0.677146472391 0.670859643963 0.567120430712 0.509222040496 0.527471318442 0.666210139628 0.626941983555 0.636672719308 0.615117673727 0.79364306067 0.650947468314 0.561967363833 0.703896059176 0.502989108572 0.544245455036 0.716799860145 0.72180341327 0.502252922054 0.547074369703 0.784605928724 0.586323413297 0.501561274792 0.619311187042 0.405533119191 0.543963574449 0.673570754437 0.655563278475 0.610243387411 0.583666076138 0.365771297892 0.61471914455 0.61726265794 0.638139350081 0.701141254132 0.613767433885 0.668336846356 0.560530719399 0.574378614048 0.374818401333 0.609506266138 0.730924287951 0.584960815998 0.706202758638 0.679227964871 0.577342673036 0.613685497784 0.70580855032 0.588869036732 0.600749114897 0.689002198789 0.613766520179 0.642371862218 0.584093862202 0.569625961779 0.712005391737 0.486729616211 0.560081484606 0.595323908117 0.684194023439 0.45378632452 0.535632025261 0.566398924617 0.809318527814 0.647798486017 0.53707166585 0.649040623612 0.634544393092 0.670627258355 0.69397417298 0.580767852933
0.525846922606 0.375615209312 0.634839064531 0.624198740642 0.491323608968 0.497463390805 0.624785637341 0.517837767042 0.658914797445 0.707819626256 0.716752488014 0.582501410191 0.492152066395 0.657083501414 0.501954627154 0.629364470479 0.523251987964 0.452327432035 0.779692484474 0.596775863961 0.609496297527 0.529098984447 1.0 0.463841876764 0.694293892107 0.559044386135 0.58778104699 0.648587043864 0.671604256946 0.514968252381 0.587767627102 0.786014208805 0.504119516568 0.774558746675 0.55160221518 0.519312351023 0.54786709 0.722952546057 0.598914690068 0.64668542856 0.763313722792 0.652701912835 0.508483496784 0.798611040768 0.383122589553 0.538848998817 0.68437175358 0.754825572782 0.623428007574 0.662675898509 0.672641531592 0.377176392163 0.492766281045 0.756555611609 0.570027277853 0.673298754356 0.447953001819 0.796588130593 0.589573530603 0.41348023854 0.505230025239 0.711754690891 0.626248842483 0.436458393018 0.628580795539 0.593363807462 0.627565653728 0.533736963534 0.575671019744 0.491647044472 0.534480234806 0.548483152214 0.623762117008 0.500086750712 0.62762344495 0.522991961694 0.625371393029 0.669811278087 0.721074205716 0.690089331204 0.661603406574 0.760019667828 0.571665081136 0.590138824554 0.638748467628 0.76075746644 0.616721737759 0.516339433281 0.557500948206 0.622342842075 0.689187675257 0.474920663775 0.521183662222 0.763821319519 0.59803787853 0.668358054206 0.574955488118 0.48981833483 0.545524253763 0.604391983316
0.660277690565 0.339129288732 0.433915725028 0.590902349588 0.595389709285 0.544749441868 0.587449643158 0.711572724351 0.461108358264 0.655218500471 0.68816767516 0.621966011345 0.346551069756 0.210685456053 0.596453465105 0.569198336541 0.479765636663 0.560908443586 0.38193977326 0.461422714086 0.559133072453 0.629451477876 0.463841876764 1.0 0.424012853853 0.525763936383 0.48970001541 0.518363104149 0.513045784167 0.427224170077 0.594504038116 0.584882594053 0.591135464066 0.451515303128 0.424939269855 0.572993693316 0.501312371633 0.61275424025 0.644804713058 0.712207157497 0.582467255681 0.522722257972 0.599526754693 0.428890737844 0.616344592446 0.540154231277 0.526465697439 0.386963158737 0.540776989404 0.66734063023 0.487413361279 0.529465069263 0.589888733242 0.320286611755 0.44355169092 0.540281849575 0.657861068248 0.575730399772 0.574602493113 0.166936977876 0.527591936007 0.604486337138 0.661560638697 0.5816856177 0.517158753603 0.558215469162 0.499321632721 0.578083843949 0.191795590248 0.636928231076 0.561540553938 0.539446969074 0.625932978682 0.634734883382 0.480250856862 0.597671042612 0.605889050569 0.429208256148 0.576609556149 0.653206778106 0.568973795966 0.603080399017 0.641528522702 0.544650031193 0.501080592061 0.391845210267 0.422510348547 0.324389110587 0.581640299802 0.403854149461 0.528794011804 0.507809281134 0.64787941536 0.568392179356 0.441012035209 0.552152127719 0.596844747096 0.627195655668 0.579195752521 0.584013888883
0.544622143149 0.320463878384 0.612842894532 0.532994712731 0.50467903155 0.482220612767 0.612846917314 0.497759044427 0.581999851299 0.64008864575 0.664316474175 0.600808244358 0.572205447906 0.55466850769 0.500334809509 0.604669058329 0.453501046872 0.404643514758 0.672888954327 0.470587167373 0.492939497592 0.489472577594 0.694293892107 0.424012853853 1.0 0.554381456172 0.443517985745 0.600973738118 0.590229527775 0.501887706618 0.527735671937 0.675534026732 0.478631677761 0.70259192808 0.512029284242 0.505492713394 0.583232020071 0.579611074361 0.578494254463 0.562535911553 0.692426760643 0.613523265215 0.480791161194 0.737661695706 0.467752124428 0.483299015112 0.574857082895 0.655491007993 0.596908108939 0.618364232694 0.591486346852 0.509673386968 0.518695463703 0.665503506368 0.506509803495 0.547730947692 0.419875950246 0.68104456532 0.605400240309 0.504455687105 0.511948755581 0.69526737849 0.536109039154 0.399570529804 0.56032646973 0.476500396712 0.510179101084 0.477315681023 0.523477066037 0.535777961485 0.510251827085 0.458164414204 0.562652960534 0.420950411132 0.571357539643 0.474537946113 0.5933668427 0.556901131432 0.658021520527 0.5912585186 0.561443550114 0.68049452503 0.572856839982 0.587890986642 0.518687935598 0.680591758523 0.569985791964 0.402282203068 0.539871371069 0.530562813754 0.602058476782 0.400503291475 0.544719977343 0.684382154549 0.522145879092 0.657819082253 0.563126589885 0.487346533861 0.528045669276 0.589712615343
0.750975498439 0.379388296918 0.562316729729 0.542180704383 0.793231542416 0.579318206653 0.707753342518 0.705571481655 0.610650638962 0.646768487719 0.66383869783 0.746030491808 0.516074082403 0.307042903707 0.636694628413 0.701607831748 0.450408322281 0.509616752713 0.486140985362 0.455621805437 0.551084596783 0.606307001563 0.559044386135 0.525763936383 0.554381456172 1.0 0.433221659023 0.698846500146 0.599974978961 0.465071221601 0.584039132313 0.605507340026 0.758785332092 0.552334267522 0.573559633165 0.663003714994 0.674283239789 0.57309507059 0.660493965346 0.707551515686 0.69115281684 0.697261160357 0.648686354713 0.53851157967 0.672226730826 0.537562882717 0.561602899587 0.45344075193 0.754600829367 0.712254766944 0.558986663588 0.603804440486 0.636303203191 0.477374518828 0.547891191434 0.637794624373 0.681436864194 0.643742103145 0.680094977928 0.290412087205 0.756002490608 0.661499973998 0.533766790159 0.597670642185 0.646335219048 0.570904212683 0.497741731087 0.612654213949 0.33721231163 0.700036655838 0.593654898527 0.558631657079 0.529638908588 0.55643977145 0.686868239624 0.73703108088 0.687671311537 0.553854422276 0.659710822477 0.720001865689 0.620787293014 0.726029331673 0.734928080283 0.686757346773 0.524232478114 0.475034278616 0.654151285198 0.417905207866 0.64695809691 0.472986900376 0.590806380372 0.603473928071 0.700894995298 0.708153413455 0.550901376614 0.732724507028 0.727083655099 0.670817511859 0.649085733419 0.700082308075
0.490851897328 0.396962690167 0.559214522333 0.637026433747 0.395844676076 0.51638000658 0.495888142673 0.614862793311 0.650635285052 0.676296792008 0.630472208574 0.444483272638 0.460188172773 0.448826185301 0.53200230564 0.480345619711 0.61247283717 0.546671997866 0.602971152416 0.678974399894 0.6539874473 0.5440637592 0.58778104699 0.48970001541 0.443517985745 0.433221659023 1.0 0.50006243775 0.599000313335 0.538679026584 0.622223853834 0.614311586856 0.41716674838 0.572235248109 0.663426548125 0.481226414978 0.56389034606 0.591068855489 0.472614779377 0.643457962909 0.567389717528 0.495161114983 0.537902662169 0.558713312352 0.239448554634 0.559160947754 0.648225706585 0.67181741819 0.409209020201 0.656376646264 0.517077462807 0.232327734288 0.505810895341 0.56753259928 0.429128923137 0.611011653136 0.421345899395 0.579943488272 0.417818989081 0.328621831036 0.410981642504 0.509115808917 0.651443405079 0.53433875313 0.661745317156 0.656995469406 0.704620941094 0.520802807163 0.537201372631 0.346249769426 0.543087075257 0.520890406192 0.650747412457 0.664805575538 0.452678777054 0.504455225099 0.581079178554 0.679946784664 0.601407042486 0.553492894667 0.626842699586 0.543289460527 0.369251354796 0.43115943056 0.580878215329 0.606504917632 0.561445779831 0.507731294886 0.47575334137 0.599205850248 0.667979370298 0.564650760031 0.520564464755 0.579339905686 0.486515261558 0.513301143096 0.508278791772 0.477651054849 0.560540255445 0.483105944757
